пїњ–Ъ–ї–∞—Б—Б;–Я–∞—А–∞–ї–ї–µ–ї—М;–Т—Б–µ–≥–Њ;–Ь–∞–ї—М—З–Є–Ї–Њ–≤;–Ф–µ–≤–Њ—З–µ–Ї
1–Р;1;0;0;0
1–С;1;0;0;0
1–Т;1;0;0;0
1–У;1;0;0;0
1–Ф;1;0;0;0
1–Х;1;0;0;0
1–Ц;1;0;0;0
1–Ч;1;0;0;0
1–Ш;1;0;0;0
1–Ъ;1;0;0;0
1–Ы;1;0;0;0
1–Ь;1;0;0;0
1–Э;1;0;0;0
1–Ю;1;0;0;0
1–Я;1;0;0;0
1–†;1;0;0;0
1–°;1;0;0;0
1–Ґ;1;0;0;0
1–£;1;0;0;0
1–§;1;0;0;0
1–•;1;0;0;0
1–¶;1;0;0;0
1–І;1;0;0;0
1–®;1;0;0;0
1–©;1;0;0;0
1–≠;1;0;0;0
1–Ѓ;1;0;0;0
1–ѓ;1;0;0;0
2–Р;2;0;0;0
2–С;2;0;0;0
2–Т;2;0;0;0
2–У;2;0;0;0
2–Ф;2;0;0;0
2–Х;2;0;0;0
2–Ц;2;0;0;0
2–Ч;2;0;0;0
2–Ш;2;0;0;0
2–Ъ;2;0;0;0
2–Ы;2;0;0;0
2–Ь;2;0;0;0
2–Э;2;0;0;0
2–Ю;2;0;0;0
2–Я;2;0;0;0
2–†;2;0;0;0
2–°;2;0;0;0
2–Ґ;2;0;0;0
2–£;2;0;0;0
2–§;2;0;0;0
2–•;2;0;0;0
2–¶;2;0;0;0
2–І;2;0;0;0
2–®;2;0;0;0
2–©;2;0;0;0
2–≠;2;0;0;0
2–Ѓ;2;0;0;0
2–ѓ;2;0;0;0
3–Р;3;0;0;0
3–С;3;0;0;0
3–Т;3;0;0;0
3–У;3;0;0;0
3–Ф;3;0;0;0
3–Х;3;0;0;0
3–Ц;3;0;0;0
3–Ч;3;0;0;0
3–Ш;3;0;0;0
3–Ъ;3;0;0;0
3–Ы;3;0;0;0
3–Ь;3;0;0;0
3–Э;3;0;0;0
3–Ю;3;0;0;0
3–Я;3;0;0;0
3–†;3;0;0;0
3–°;3;0;0;0
3–Ґ;3;0;0;0
3–£;3;0;0;0
3–§;3;0;0;0
3–•;3;0;0;0
3–¶;3;0;0;0
3–І;3;0;0;0
3–®;3;0;0;0
3–©;3;0;0;0
3–≠;3;0;0;0
3–Ѓ;3;0;0;0
3–ѓ;3;0;0;0
4–Р;4;0;0;0
4–С;4;0;0;0
4–Т;4;0;0;0
4–У;4;0;0;0
4–Ф;4;0;0;0
4–Х;4;0;0;0
4–Ц;4;0;0;0
4–Ч;4;0;0;0
4–Ш;4;0;0;0
4–Ъ;4;0;0;0
4–Ы;4;0;0;0
4–Ь;4;0;0;0
4–Э;4;0;0;0
4–Ю;4;0;0;0
4–Я;4;0;0;0
4–†;4;0;0;0
4–°;4;0;0;0
4–Ґ;4;0;0;0
4–£;4;0;0;0
4–§;4;0;0;0
4–•;4;0;0;0
4–¶;4;0;0;0
4–І;4;0;0;0
4–®;4;0;0;0
4–©;4;0;0;0
4–≠;4;0;0;0
4–Ѓ;4;0;0;0
4–ѓ;4;0;0;0
5–Р;5;0;0;0
5–С;5;0;0;0
5–Т;5;0;0;0
5–У;5;0;0;0
5–Ф;5;0;0;0
5–Х;5;0;0;0
5–Ц;5;0;0;0
5–Ч;5;0;0;0
5–Ш;5;0;0;0
5–Ъ;5;0;0;0
5–Ы;5;0;0;0
5–Ь;5;0;0;0
5–Э;5;0;0;0
5–Ю;5;0;0;0
5–Я;5;0;0;0
5–†;5;0;0;0
5–°;5;0;0;0
5–Ґ;5;0;0;0
5–£;5;0;0;0
5–§;5;0;0;0
5–•;5;0;0;0
5–¶;5;0;0;0
5–І;5;0;0;0
5–®;5;0;0;0
5–©;5;0;0;0
5–≠;5;0;0;0
5–Ѓ;5;0;0;0
5–ѓ;5;0;0;0
6–Р;6;0;0;0
6–С;6;0;0;0
6–Т;6;0;0;0
6–У;6;0;0;0
6–Ф;6;0;0;0
6–Х;6;0;0;0
6–Ц;6;0;0;0
6–Ч;6;0;0;0
6–Ш;6;0;0;0
6–Ъ;6;0;0;0
6–Ы;6;0;0;0
6–Ь;6;0;0;0
6–Э;6;0;0;0
6–Ю;6;0;0;0
6–Я;6;0;0;0
6–†;6;0;0;0
6–°;6;0;0;0
6–Ґ;6;0;0;0
6–£;6;0;0;0
6–§;6;0;0;0
6–•;6;0;0;0
6–¶;6;0;0;0
6–І;6;0;0;0
6–®;6;0;0;0
6–©;6;0;0;0
6–≠;6;0;0;0
6–Ѓ;6;0;0;0
6–ѓ;6;0;0;0
7–Р;7;0;0;0
7–С;7;0;0;0
7–Т;7;0;0;0
7–У;7;0;0;0
7–Ф;7;0;0;0
7–Х;7;0;0;0
7–Ц;7;0;0;0
7–Ч;7;0;0;0
7–Ш;7;0;0;0
7–Ъ;7;0;0;0
7–Ы;7;0;0;0
7–Ь;7;0;0;0
7–Э;7;0;0;0
7–Ю;7;0;0;0
7–Я;7;0;0;0
7–†;7;0;0;0
7–°;7;0;0;0
7–Ґ;7;0;0;0
7–£;7;0;0;0
7–§;7;0;0;0
7–•;7;0;0;0
7–¶;7;0;0;0
7–І;7;0;0;0
7–®;7;0;0;0
7–©;7;0;0;0
7–≠;7;0;0;0
7–Ѓ;7;0;0;0
7–ѓ;7;0;0;0
8–Р;8;0;0;0
8–С;8;0;0;0
8–Т;8;0;0;0
8–У;8;0;0;0
8–Ф;8;0;0;0
8–Х;8;0;0;0
8–Ц;8;0;0;0
8–Ч;8;0;0;0
8–Ш;8;0;0;0
8–Ъ;8;0;0;0
8–Ы;8;0;0;0
8–Ь;8;0;0;0
8–Э;8;0;0;0
8–Ю;8;0;0;0
8–Я;8;0;0;0
8–†;8;0;0;0
8–°;8;0;0;0
8–Ґ;8;0;0;0
8–£;8;0;0;0
8–§;8;0;0;0
8–•;8;0;0;0
8–¶;8;0;0;0
8–І;8;0;0;0
8–®;8;0;0;0
8–©;8;0;0;0
8–≠;8;0;0;0
8–Ѓ;8;0;0;0
8–ѓ;8;0;0;0
9–Р;9;0;0;0
9–С;9;0;0;0
9–Т;9;0;0;0
9–У;9;0;0;0
9–Ф;9;0;0;0
9–Х;9;0;0;0
9–Ц;9;0;0;0
9–Ч;9;0;0;0
9–Ш;9;0;0;0
9–Ъ;9;0;0;0
9–Ы;9;0;0;0
9–Ь;9;0;0;0
9–Э;9;0;0;0
9–Ю;9;0;0;0
9–Я;9;0;0;0
9–†;9;0;0;0
9–°;9;0;0;0
9–Ґ;9;0;0;0
9–£;9;0;0;0
9–§;9;0;0;0
9–•;9;0;0;0
9–¶;9;0;0;0
9–І;9;0;0;0
9–®;9;0;0;0
9–©;9;0;0;0
9–≠;9;0;0;0
9–Ѓ;9;0;0;0
9–ѓ;9;0;0;0
10–Р;10;0;0;0
10–С;10;0;0;0
10–Т;10;0;0;0
10–У;10;0;0;0
10–Ф;10;0;0;0
10–Х;10;0;0;0
10–Ц;10;0;0;0
10–Ч;10;0;0;0
10–Ш;10;0;0;0
10–Ъ;10;0;0;0
10–Ы;10;0;0;0
10–Ь;10;0;0;0
10–Э;10;0;0;0
10–Ю;10;0;0;0
10–Я;10;0;0;0
10–†;10;0;0;0
10–°;10;0;0;0
10–Ґ;10;0;0;0
10–£;10;0;0;0
10–§;10;0;0;0
10–•;10;0;0;0
10–¶;10;0;0;0
10–І;10;0;0;0
10–®;10;0;0;0
10–©;10;0;0;0
10–≠;10;0;0;0
10–Ѓ;10;0;0;0
10–ѓ;10;0;0;0
11–Р;11;0;0;0
11–С;11;0;0;0
11–Т;11;0;0;0
11–У;11;0;0;0
11–Ф;11;0;0;0
11–Х;11;0;0;0
11–Ц;11;0;0;0
11–Ч;11;0;0;0
11–Ш;11;0;0;0
11–Ъ;11;0;0;0
11–Ы;11;0;0;0
11–Ь;11;0;0;0
11–Э;11;0;0;0
11–Ю;11;0;0;0
11–Я;11;0;0;0
11–†;11;0;0;0
11–°;11;0;0;0
11–Ґ;11;0;0;0
11–£;11;0;0;0
11–§;11;0;0;0
11–•;11;0;0;0
11–¶;11;0;0;0
11–І;11;0;0;0
11–®;11;0;0;0
11–©;11;0;0;0
11–≠;11;0;0;0
11–Ѓ;11;0;0;0
11–ѓ;11;0;0;0
